uint8_t pwmArray[]={ //ÕýÏÒ²¨ 
127,115,102,90,78,67,56,46,36,28,
20,14,9,5,2,0,0,1,3,7,
11,17,24,32,41,51,61,72,84,96,
108,121,134,147,159,171,183,194,204,214,
223,231,238,244,248,252,254,255,255,253,
250,246,241,235,227,219,209,199,188,177,
165,153,140,128,};
};
uint8_t sawtooth[]={ // 
0,4,8,12,16,20,24,28,32,36,
40,45,49,53,57,61,65,69,73,77,
81,85,89,93,97,101,105,109,113,117,
121,125,130,134,138,142,146,150,154,158,
162,166,170,174,178,182,186,190,194,198,
202,206,210,215,219,223,227,231,235,239,
243,247,251,0,};
};
uint8_t triangle[]={ //Èý½Ç 
0,8,16,24,32,40,49,57,65,73,
81,89,97,105,113,121,130,138,146,154,
162,170,178,186,194,202,210,219,227,235,
243,251,251,243,235,227,219,210,202,194,
186,178,170,162,154,146,138,130,121,113,
105,97,89,81,73,65,57,49,40,32,
24,16,8,0,};
};
uint8_t ladder[]={ //½×ÌÝ 
64,64,64,64,64,64,64,64,64,64,
64,64,64,64,64,64,128,128,128,128,
128,128,128,128,128,128,128,128,128,128,
128,128,191,191,191,191,191,191,191,191,
191,191,191,191,191,191,191,191,255,255,
255,255,255,255,255,255,255,255,255,255,
255,255,255,255,};
};
uint8_t square[]={ //Âö¿í 
255,255,255,255,255,255,255,255,255,255,
255,255,255,255,255,255,255,255,255,255,
255,255,255,255,255,255,255,255,255,255,
255,255,0,0,0,0,0,0,0,0,
0,0,0,0,0,0,0,0,0,0,
0,0,0,0,0,0,0,0,0,0,
0,0,0,255,};
