#define MOTOR_ARRY_SIZE 64
uint16_t sinMotor[]={ //ÕýÏÒ²¨ 
1,0,0,1,2,5,8,12,17,23,
31,40,50,61,75,90,107,126,147,170,
196,223,251,281,312,342,372,401,427,450,
470,485,495,500,499,492,480,464,443,418,
391,362,331,301,270,241,213,187,162,140,
119,101,84,70,57,46,36,28,21,15,
11,7,4,2,};
uint16_t sawtooth_motor[]={ // 
0,8,16,24,32,40,48,56,63,71,
79,87,95,103,111,119,127,135,143,151,
159,167,175,183,190,198,206,214,222,230,
238,246,254,262,270,278,286,294,302,310,
317,325,333,341,349,357,365,373,381,389,
397,405,413,421,429,437,444,452,460,468,
476,484,492,0,};
uint16_t triangle_motor[]={ //Èý½Ç 
0,16,32,48,63,79,95,111,127,143,
159,175,190,206,222,238,254,270,286,302,
317,333,349,365,381,397,413,429,444,460,
476,492,492,476,460,444,429,413,397,381,
365,349,333,317,302,286,270,254,238,222,
206,190,175,159,143,127,111,95,79,63,
48,32,16,0,};
uint16_t ladder_motor[]={ //½×ÌÝ 
125,125,125,125,125,125,125,125,125,125,
125,125,125,125,125,125,250,250,250,250,
250,250,250,250,250,250,250,250,250,250,
250,250,375,375,375,375,375,375,375,375,
375,375,375,375,375,375,375,375,500,500,
500,500,500,500,500,500,500,500,500,500,
500,500,500,500,};
